2994184
10471087
84847733
26374255
87731310
70078194
80810320
95330176
21598049
5211687
17622196
6372859
92304102
24336914
91736276
75004490
50237716
33157183
18596077
54330679
21604059
95898491
3372433
91510004
48457853
8603904
10844166
75496134
55786368
11436155
91954426
91402724
39432283
60160471
61230634
70791400
18023740
55065481
66783348
37512217
43653042
77711632
70914530
83163771
62749671
88958996
73947121
6341140
33607821
48319379
5410736
67938869
46887874
71173450
91498975
1804784
21264265
92360874
7146286
84975097
75190394
22646378
8401010
72812751
63725508
47516172
58100485
63011477
84593204
95504942
84473746
35315169
9742282
26260632
89149152
23304438
8938409
41589665
36923295
35752466
76994210
16983917
54250237
87186215
18447435
73115686
29992706
59322048
4795576
89430245
18749855
17712854
93747283
74081522
47422286
80589885
48273632
78475533
28413231
94165257
16329959
92145674
35902667
8286412
93049122
35815450
30495554
32027724
84385653
11324105
4315019
96124066
4451551
99555222
57786055
406276
6402027
58517499
44990315
9339248
76742558
91280425
81725543
13206167
70673812
63775274
89970276
6410422
10775085
46084668
99712118
41433245
15090064
78597825
51935891
74696962
89046667
78798733
89918867
63219333
2105083
16987799
46993246
96157213
51916179
79980490
26548742
64753901
4330589
86707073
38614266
38472465
10109695
84861958
65428931
62077199
8501206
23801946
69253936
82135843
65530236
80371205
78921356
63910694
60792264
88388179
42945453
99800447
54690232
47138244
64519095
74096507
30453565
45929572
96345887
54287148
61757256
35522803
16344914
28908871
99355013
36357110
78533477
2786831
96272578
3555485
39009117
486471
29300391
66509470
34843968
70729824
85730536
50281319
95597986
18732040
86739007
52449465
63412290
6506241
96646868
55746427
12174910
50647284
4159392
71447075
39131747
11674089
15156327
11964579
75267516
19169639
67483048
91619956
84462993
46010550
52006233
54844996
94218170
91159588
80442019
34739237
8860573
47303664
29692358
57365628
72904222
21791106
73039095
45688776
32770372
46422576
18788614
22551178
60584411
26509237
96154856
36448214
90130466
94978319
18594061
60993615
94885711
64650919
54070887
35810985
81362699
71078429
6276728
77576704
56361693
65344432
11961548
56322860
44794832
3002238
86984271
1134708
48584311
25178671
72865615
22152169
61577027
59492270
14060141
94171607
32858975
84625849
36291781
24004338
13618532
88427674
28849003
45837100
88104318
79293192
9946459
43887812
68587688
21785502
63184781
70660730
26014224
1822454
73277171
21738561
27230608
42692585
46796385
46788998
63502357
34090668
75252121
73906556
22035985
17279596
45143896
11055048
28447763
88466854
66959114
80204516
92720451
71341387
37947401
66308967
14473886
60687602
1096037
81166368
79764848
81154092
94089105
41696631
5158500
55602303
8457129
73221564
48369994
30352457
83825470
89194598
97397420
25420740
52975054
7785165
51255875
99346809
32476684
66355605
70010365
28204077
43226592
6032942
81577360
36286204
17746054
30870834
809646
51453721
73327973
23455014
36969305
53013736
44209194
31844024
57061881
10113287
15598342
47403285
71333742
52862116
3902597
26404115
27434069
70811028
42640790
99884578
88871635
32453426
36103768
75629333
59646289
26545912
47357799
4257254
88593411
5185954
17242121
38234020
52577604
64133508
76957634
72585406
97527929
40113153
37667758
24897069
12687422
52995273
25100580
36156136
52137115
83396135
74665818
66948881
16163902
17427973
4673655
87268623
29808997
14425749
75834033
94432906
80932188
51046183
72100247
99056965
4221412
83837092
7349799
62888138
61773267
70792283
50120647
50950801
61809937
54432824
2368340
57940866
20925909
6273326
57068043
16251871
1206112
99328943
59429941
59716670
62042850
6582721
14224516
20959992
79394544
66259068
11824766
4098303
99865466
21212036
17404252
82741018
35237252
6056661
2950624
12277554
58981078
10755281
76750076
31601132
35141417
85228468
99941159
18522645
65161836
30546265
19264203
54873711
75431619
18483703
16198640
24125504
59813707
5078259
75601783
60628095
82964993
66954497
61398552
19083699
41782860
89937704
787464
93670359
22234434
35114647
59070834
2694731
21019072
65087457
91068098
82794131
84366191
4966088
66645220
38252162
17322253
76153128
14146253
23565384
87213968
29790945
39713510
59731720
15662431
31089793
99568763
58813065
75621396
93999333
73719298
15244235
58062683
6224180
97618324
67096825
16725793
44598987
80977457
92875474
81546634
52553175
78975058
53531912
45175095
17255728
26364482
37361080
49587235
79021188
39753939
15359879
19736616
25485909
35764817
24633514
52479030
99625331
45233651
35741296
2990202
80664877
77349024
73064134
83475353
98055040
15921078
69505501
39510856
3073139
32046043
56928350
29239484
44989802
98580747
65754288
36696626
40363993
40206138
55561121
16306555
72054970
78246178
89296820
66580791
64793597
67959558
41589866
49407408
66751490
45241649
48880302
2300817
76744237
77751548
94774238
87600429
52340582
85732491
12353625
57616354
99115753
45189486
17374352
11817789
94645315
9988159
29103322
26114357
2270396
48161486
66761005
93886193
33871022
83278958
46609470
74315048
1691790
15097883
39922202
75204771
7259617
53053297
96746824
48310760
33482689
10341339
93941122
80931255
15962472
34159420
36103610
87078120
55071210
51534318
61625330
17856873
49802127
48438279
23655139
40466551
28590308
42082969
75123441
75814137
1691438
92204702
74302157
77785694
55565383
74617795
92624016
87732787
48571886
38125752
24202246
58247451
15804500
61164816
67855083
82562077
62759643
2801262
17484532
70675979
59411707
40035239
2887117
34486804
3299333
4257546
37386348
75171785
24273514
94144950
79991793
38701757
12452889
34884702
40524277
96932134
11286604
81683065
26701854
77093802
48500216
47746959
57420401
44497991
68371234
34328435
94655607
41492984
25828984
15290472
34784797
46050836
98899496
38092647
9960716
65525393
86361352
98360880
40722450
27525850
45291832
48939464
52327765
97525734
302825
67104565
5201040
1512484
72880259
75484026
40449903
32764288
11068903
46498290
87518056
89625109
83872998
4995395
90708534
88640704
76811905
14163134
67223606
59984430
60424326
27904075
40237998
12384715
16195426
13357711
416137
19643003
89376094
39552272
41872111
14274729
70626191
63432630
54552038
74256722
83672685
85634744
45443803
9280408
24924672
23679337
7288825
989747
68079878
46105433
16517350
79973914
66224130
68369674
21686452
60340215
24398240
82044561
39996379
49133496
40711031
8130368
79856572
64006798
48291774
39222233
32965783
31271861
63503344
82675222
47567814
82357689
95398688
22017536
22980459
43438554
29271246
23114121
82751185
38230328
75163789
47367330
8984236
11926790
57760077
59466176
38653078
79573126
91882058
87956943
1758520
27938176
48689567
73373874
79763331
84675521
89194075
96064227
15959044
23529272
69016592
61736720
10455507
51908190
67848500
84581720
47961926
66044637
29919967
76370198
2590037
8321580
58779740
2720179
42982771
11216446
38562468
20231502
23727402
86364339
50199447
99153586
9496443
77311746
33095453
37755375
34122638
54730763
39884484
8637249
51184946
70745797
44010622
84712198
48409123
12472851
42717036
50217283
82707176
95051134
2295623
92370226
59982474
52496990
65501746
50673725
13884456
94485956
77841518
56745433
15897303
7523550
39790587
90930426
34167006
48723394
48049182
302728
55358650
66625998
48495439
22180706
2484093
52594675
70226145
6183103
12260064
28985040
1232535
98315474
10466023
49709117
61063455
78254521
75639030
11746958
45832571
92118150
91404302
29833618
41192392
68748922
88506513
52899774
80125233
75205466
58323852
38264216
45491290
76917810
40629061
66306561
588322
70451202
12624279
53212984
43498886
80383322
7462431
5961193
9325338
70223782
39356251
19759744
91053098
1164711
19011255
44401826
24868499
70735257
28640943
3579198
29820276
54364734
87832932
87045503
47877215
1628111
10347616
44854451
91056622
35071373
89891068
87602766
80222305
26331022
31249026
5951387
90151425
32755691
74228505
72434206
22124631
71247763
98073951
76267822
57956213
73909799
13662217
58786579
80398388
70127719
90487006
32051412
5389265
37024500
30053061
57054311
60919273
37694816
45144381
82841142
49989376
76156399
85584311
94002417
73969669
44700921
96105481
57311493
26771245
94642419
44125590
91538076
1811599
56623738
81748046
94048426
78979572
4339352
74783769
75782780
87011370
5832892
63830090
37045064
58574366
35509878
43598700
87853188
63931020
2917219
66438503
69575510
7200358
47636186
46962432
88525283
18199873
46616560
3327375
88130095
20070617
6966318
40112129
16641970
57305168
71059995
70174589
57877024
94470029
56202111
71346077
86860136
20670452
3545784
92219797
99153792
96360107
98439077
10735326
45436544
29578118
7075473
34470974
20454960
36760112
63533407
73707336
67242539
96421109
33166211
44203709
68635690
93788734
75444423
6661141
91569675
53354908
24548124
15480168
35986063
41629840
87315413
50928753
42689366
94775721
